   1.6800461917059455E+023          58          13          13           4           1
   5.4577303702277258E+023          12          14          14           4           1
   9.5473439074444475E+022          74          13          13           4           1
   8.4027221594886233E+022          94          12          12           4           1
   3.0765710089066007E+023         107          13          13           4           1
   2.8122192731714901E+023         104          14          12           4           1
   1.4856005560583400E+023         951          13          13           4           1
   2.9283356921605938E+022         161          14          12           4           1
   1.2409639890331654E+024         162          12          14           4           1
   8.0136209877260056E+023         176          12          12           4           1
   6.3996605273023146E+023         693          14          14           4           1
   5.6806138988254613E+023         207          14          12           4           1
   2.8700409045117419E+023         915          12          12           4           1
   2.1732433595106826E+023         215          14          12           4           1
   8.4327260962612434E+022         185          12          12           4           1
   1.3627134993719108E+024         261          12          14           4           1
   9.8556539355749786E+023         185          13          13           4           1
   4.4769282354554390E+023         262          14          12           4           1
   2.3195482746617182E+023         264          14          12           4           1
   1.0861417153150314E+022          68          13          13           4           1
   5.5258603361407668E+023         321          13          13           4           1
   3.9864420586881141E+022         531          13          13           4           1
   4.2008823903698218E+023         325          12          12           4           1
   1.4116400306808621E+023         319          13          13           4           1
   6.3996605266238064E+023         336          14          14           4           1
   7.8406549212399799E+023         631          13          13           4           1
   3.9864420584823508E+022         180          12          14           4           1
   2.1753729562753235E+023         368          14          14           4           1
   2.1169452895773143E+023         455          13          13           4           1
   4.8857224602928364E+023         516          14          12           4           1
   7.0392631947202884E+023         677          14          14           4           1
   1.5715893426267892E+024         586          14          12           4           1
   1.7055319315280150E+023         456          13          13           4           1
   4.9782391534117971E+023         664          14          14           4           1
   1.0266380587404863E+023         314          12          14           4           1
   1.0962726946811851E+023         692          14          14           4           1
   5.2441177576298004E+023         669          12          14           4           1
   1.3244041410557031E+024         753          12          12           4           1
   1.9014664412872414E+023         112          12          12           4           1
   1.5715893427149620E+024         685          14          12           4           1
   2.3195482745553933E+023         629          14          12           4           1
   1.1728322970249404E+024         817          12          12           4           1
   2.1169452897802468E+023         640          12          14           4           1
   2.8971848262774613E+023         860          12          12           4           1
   3.0526429985959584E+023         774          12          14           4           1
   3.7225608607861033E+023         469          13          13           4           1
   2.1107533324660531E+023         985          14          14           4           1
   3.8484115383623157E+023        1029          14          14           4           1
   1.2038323017743015E+023         977          13          13           4           1
   5.0420431121244653E+023        1104          12          12           4           1
   8.4327260914064086E+022         440          13          13           4           1
   2.1001511696744401E+024        1150          13          13           4           1
   1.0748767900686509E+023        1150          12          14           4           1
   2.0740079150352450E+023          12          13          13           4           1
   2.8122192728191176E+023          78          13          13           4           1
   3.8968025082866018E+023         930          14          12           4           1
   1.0410531147317909E+024          73          13          13           4           1
   8.4027221616678209E+022         119          12          12           4           1
   3.0765710091572429E+023         132          13          13           4           1
   1.5149440180867332E+023         132          14          14           4           1
   3.5759285942654165E+022         128          13          13           4           1
   2.9283356964350820E+022         186          14          12           4           1
   8.8380478664850179E+023         201          13          13           4           1
   8.0136209899112098E+023         201          12          12           4           1
   9.0603456366289485E+022         232          13          13           4           1
   5.6806138991247957E+023         232          14          12           4           1
   8.0136209886053532E+023         225          12          12           4           1
   8.8380478662057121E+023         225          13          13           4           1
   8.8380478677462484E+023         539          13          13           4           1
   1.3627134980779338E+024         292          12          14           4           1
   6.9106342079420258E+022         219          12          12           4           1
   2.9283356954244581E+022         219          13          13           4           1
   7.7964151357228392E+023         905          13          13           4           1
   5.9321539468732759E+023         874          12          12           4           1
   1.5919002714825847E+022         308          14          14           4           1
   7.6477635564583148E+023         357          13          13           4           1
   2.3195482754595255E+023         349          14          12           4           1
   6.4761762404333310E+023         116          13          13           4           1
   1.5601488666588835E+024        1164          14          14           4           1
   2.9283357002815146E+022         360          13          13           4           1
   8.9563561814579160E+022         366          13          13           4           1
   8.0136209889949430E+023         396          12          12           4           1
   5.3914494214168381E+022         411          14          12           4           1
   2.3687844942516045E+023          51          12          12           4           1
   1.3656527193659475E+023         728          13          13           4           1
   6.5432759383235075E+023         484          13          13           4           1
   1.5715893423465367E+024         645          14          12           4           1
   4.9782391536092112E+023         754          14          14           4           1
   2.2953945221364934E+022         320          13          13           4           1
   3.3904312283340615E+023        1235          13          13           4           1
   9.2750677736507867E+023         838          12          12           4           1
   2.0701134018159510E+023         442          15          13           4           1
   4.0359785611458292E+023        1185          12          14           4           1
   3.1061607233647943E+022         314          13          13           4           1
   4.9214600875617622E+023         858          12          14           4           1
   3.0242987217881312E+023         598          13          13           4           1
   1.1728322976696108E+024         892          12          12           4           1
   3.9563520493970059E+023         500          12          14           4           1
   2.8971848258404474E+023         935          12          12           4           1
   5.9969585784169148E+021         873          14          14           4           1
   1.3466061805750763E+024         963          14          14           4           1
   1.4843733424908043E+023         528          13          13           4           1
   1.8259492653325022E+023        1115          12          14           4           1
   5.3022465571361589E+023         597          13          13           4           1
   6.9075430309311840E+023        1098          12          14           4           1
   7.2904496163577112E+023         713          13          13           4           1
   1.3688257549933844E+024        1155          12          14           4           1
   1.1157858049980664E+024         640          13          13           4           1
   5.0420431122196197E+023        1170          12          12           4           1
   1.9895858239425607E+023        1144          14          14           4           1
   1.0874238053750251E+023        1172          12          12           4           1
   4.2575446779379058E+023        1208          12          12           4           1
   1.0180525607113393E+024         624          13          13           4           1
   1.0861417169601052E+022          53          13          13           4           1
   2.0218335989023795E+023          53          14          12           4           1
   1.1059764749655766E+024         116          12          12           4           1
   3.0765710080344022E+023         156          13          13           4           1
   2.0218335983164212E+023          67          13          13           4           1
   1.7806470328095513E+024        1185          13          13           4           1
   2.9283356892845264E+022         210          14          12           4           1
   4.9495081273333158E+023         299          13          13           4           1
   1.0180525610129077E+024         299          14          14           4           1
   1.0180525609684450E+024         291          14          14           4           1
   6.3431628189636428E+023         578          13          13           4           1
   2.2953945153393339E+022         315          13          13           4           1
   1.9198348539857507E+023         300          13          13           4           1
   3.9809180039756402E+023         398          14          14           4           1
   5.7963913921684843E+023         171          13          13           4           1
   2.0701134021451103E+023         431          13          13           4           1
   9.5473439021427851E+022         138          13          13           4           1
   1.9014664411065834E+023         127          13          13           4           1
   4.2008823881451905E+023         455          12          12           4           1
   3.3119919587666935E+023         162          13          13           4           1
   6.9106342118598908E+022         360          12          12           4           1
   1.7570751021033412E+024         506          14          14           4           1
   5.5258603380744879E+023         184          12          12           4           1
   1.0861417160977007E+022          84          13          13           4           1
   5.9969585963953920E+021         512          14          14           4           1
   6.9106342012480089E+022         647          13          13           4           1
   8.9945796213294301E+022         659          14          14           4           1
   8.4027221573273186E+022         318          13          13           4           1
   1.3333812683664440E+023         743          14          14           4           1
   1.5919002754924201E+022         300          14          14           4           1
   8.9563561868098898E+022         601          13          13           4           1
   8.8380478653814206E+023         401          13          13           4           1
   3.8445706629382561E+022         820          12          14           4           1
   1.9786022243723299E+023         855          13          13           4           1
   4.9214600876829629E+023         875          12          14           4           1
   8.0136209890017062E+023         538          13          13           4           1
   1.9877245798944151E+022         654          14          14           4           1
   1.0322897760674198E+023         646          13          13           4           1
   1.5446619376319767E+023         909          14          12           4           1
   1.3656527190746198E+023        1148          13          13           4           1
   1.3994491148743040E+023        1139          14          12           4           1
   2.9283356919526582E+022         854          13          13           4           1
   8.9563561856504617E+022         906          13          13           4           1
   2.1134383023667578E+022         859          13          13           4           1
   2.2911601936044776E+022         734          13          13           4           1
   3.8944235511397308E+023        1125          14          14           4           1
   2.8122192719271411E+023         149          13          13           4           1
   7.5677580174294889E+022         553          13          13           4           1
   6.9106342103617483E+022         790          13          13           4           1
   2.0701134008778040E+023         920          15          13           4           1
   2.0218335977851887E+023          69          14          12           4           1
   6.6651257821990683E+022         860          13          13           4           1
   5.8253392752650263E+023        1196          12          14           4           1
   6.3996605261599540E+023         555          14          14           4           1
   1.3994491145294364E+023         515          14          12           4           1
   8.8380478642763470E+023         642          13          13           4           1
   5.2136895516438409E+022         634          12          12           4           1
   7.4998542975828851E+023         583          13          13           4           1
   4.8857224588690339E+023         583          14          12           4           1
   4.8857224598720410E+023         896          14          12           4           1
   5.8253392743805637E+023         828          12          14           4           1
   3.9809180040817964E+023        1013          13          13           4           1
   5.3862458038597043E+023        1137          14          14           4           1
   9.9044605598431823E+023        1055          12          14           4           1
   1.8369858148596224E+023         885          13          11           4           1
   5.9321539457231192E+023         886          12          12           4           1
   1.6800461913085419E+023          79          13          13           4           1
   2.8122192731620462E+023         134          13          13           4           1
   1.6800461915411553E+023         133          13          13           4           1
   3.5759286006341953E+022         112          13          13           4           1
   3.3575278857680793E+023         533          12          12           4           1
   4.6501385422847362E+023         534          12          14           4           1
   4.6906139540269942E+023         735          13          13           4           1
   3.7225608598276579E+023         457          13          13           4           1
   3.9060024186695229E+023         726          14          14           4           1
   4.6501385420001839E+023         797          12          14           4           1
   1.3244041409096014E+024         943          12          12           4           1
   6.4761762388901089E+023         234          13          13           4           1
   8.0136209889481372E+023         599          11          13           4           1
   2.0499702006836217E+024        1039          14          12           4           1
   5.5258603372109915E+023         316          13          13           4           1
   6.9106342015175374E+022         323          13          13           4           1
   3.5060607976059430E+023         512          13          13           4           1
   3.0242987214530728E+023        1193          13          15           4           1
   5.3914494264446804E+022         598          14          12           4           1
   1.5919002743936465E+022         464          13          13           4           1
   3.0242987211279833E+023         641          12          12           4           1
   6.5635085738137657E+023         832          13          13           4           1
   3.9060024190595972E+023         707          14          14           4           1
   7.2904496188477897E+023         728          14          14           4           1
   2.9283357003397521E+022         789          13          13           4           1
   8.9945796140720913E+022         835          14          14           4           1
   8.0136209877848024E+023         402          13          13           4           1
   4.5347153586659701E+023         695          13          13           4           1
   1.7055319314467066E+023         470          13          13           4           1
   1000.4031652252557                0           0           0          20           0
   0.0000000000000000                0           0           0           0           0
